1 111.645171 2.232903
2 66.755436 0.667554
3 145.376597 0.969177
4 192.144100 0.960721
5 238.349073 0.953396
6 289.436592 0.964789
7 336.728968 0.962083
8 383.188736 0.957972
9 433.619451 0.963599
10 481.624346 0.963249
11 542.886437 0.987066
12 589.800234 0.983000
13 647.331337 0.995894
14 682.882809 0.975547
15 744.105526 0.992141
16 740.655195 0.925819
17 753.493714 0.886463
18 781.638252 0.868487
19 794.642855 0.836466
20 847.058740 0.847059
2 37.424268 0.374243
2 0.497732 0.004977
2 0.987807 0.009878
2 0.952831 0.009528
2 2.256334 0.022563
2 4.460107 0.044601
1 8.774037 0.175481
1 0.165125 0.003302
1 0.163780 0.003276
1 0.168035 0.003361
1 0.012563 0.000251
1 0.163045 0.003261
1 33.522679 0.670454
1 0.048752 0.000975
50 0.186775 0.000075
50 0.180832 0.000072
50 4.151582 0.001661
40 3.259745 0.001630
10 0.765707 0.001531
5 0.395755 0.001583
1 0.029438 0.000589
10 0.157261 0.000315
